6252689
6253427
6267672
6267917
6286689
6305247
6305374
6306697
6308873
6309155
6310760
6316913

6317599

6344990

6349731

6351773

6356534

6393205

6489466

6490115

6494901

6496161

6501980

6534192

6544082

6545201

6550635

6550837

6541814

6575083

6579603

6592507

6594490

6597829

6625794

6626313

6627351

6627986

6628581

6629280

6663925

6664197

6664771

6665048

6666023

6750997

6751463

6751640

6751746

6751907

6751908

6760381

6767058

6767351

6812062

6786435

6794419

6801725

6803716

6803879

6804140

6805122

6805676

6845636

6846025

6847404

6855936

6858939

6885472

6893038

6893241

6926425

7025719

7026720

7027126

7027486

7044766

7058923

7069606

7079635

7085068
